965406
611515
665951
168466
465066
229955
846080
628200
936048
790799
847386
321218
267283
926016
88033
462400
145264
916285
452700
167892
39990
718769
387716
922594
318520
302170
310826
678243
880872
743553
96352
366150
172014
894255
470711
667055
252932
444237
947490
402232
191200
152777
859922
926551
842895
850214
529476
22214
631180
240640
401392
862419
111473
799008
20214
312345
197445
861901
301142
822387
944504
648769
750753
123435
359688
111125
890511
638012
550486
664596
948852
406200
411358
176598
906286
174419
340916
392676
770271
315738
937540
72458
32457
260841
102310
374153
480004
115692
22459
799878
268430
322555
356282
96533
571851
527728
554389
719519
962930
767056
